  1  1  2 0.69
LYS   1 
  2  1  2 0.72
ARG   5  
  3  1  2 0.60  
ARG  14  
  4  1  2 0.65
HIS  15 
  5  9  2 0.77
LEU  17  
ASP  18 
ASN  19  
TYR  20  
ARG  21  
GLY  22  
TYR  23 
SER  24 
LEU  25  
  6  1  2 0.47  
ASN  37 
  7  1  2 0.55
ASN  39 
  8  1  2 0.69
GLN  41 
  9  1  2 0.83 
THR  43 
 10  1  2 0.57 
ARG  45 
 11  1  2 0.61 
ASP  48 
 12  1  2 0.73
ILE  55 
 13  1  2 0.73
ARG  61  
 14  1  2 0.61
TRP  62 
 15  1  2 0.70 
ARG  68 
 16  1  2 0.79
PRO  70 
 17  1  2 0.63
ARG  73 
 18  1  2 0.65
ILE  78 
 19  1  2 0.78 
PRO  79  
 20  1  2 0.58 
LEU  83 
 21  1  3 0.33  0.47 
SER  85 
 22  1  2 0.41 
SER  86 
 23  4  2 0.865
ASP  87 
ILE  88  
THR  89  
ALA  90  
 24  3  2 0.553
LYS  97 
ILE  98  
VAL  99   
 25  1  2 0.35
SER 100   
 26  2  2 0.445 
ASN 103   
GLY 104 
 27  1  2 0.61
ASN 106 
 28  1  2 0.62
VAL 109 
 29  1  2 0.89
TRP 111 
 30  1  2 0.44
ARG 112 
 31  1  2 0.62
ASN 113 
 32  1  2 0.49 
ARG 114  
 33  1  2 0.44  
LYS 116 
 34  1  2 0.76  
TRP 123 
 35  1  2 0.53
ARG 128 
 36  1  2 0.80
EDO 301
 37  1  2 1.00
EDO 302
 38  1  2 0.75
EDO 303
 39  1  2 0.73
NO3 401
 40  1  2 0.73
NO3 402
 41  1  2 0.62
NO3 403
 42  1  2 0.52
NO3 404
 43  1  2 0.68
NO3 405
 44  1  2 0.85
NO3 406
 45  1  2 0.69
NO3 407
 46  1  2 1.00
NO3 408
 47  1  2 0.49
NO3 409
 48  1  2 0.95
HOH2001
 49  1  2 0.64
HOH2002
 50  1  2 0.92
HOH2003
 51  1  2 0.45
HOH2004
 52  1  2 0.98
HOH2005
 53  1  2 1.00
HOH2006
 54  1  2 0.97
HOH2007
 55  1  2 1.00
HOH2008
 56  1  2 0.81
HOH2009
 57  1  2 0.90
HOH2010
 58  1  2 0.79
HOH2011
 59  1  2 0.85
HOH2012
 60  1  2 1.00
HOH2013
 61  1  2 0.68
HOH2014
 62  1  2 0.89
HOH2015
 63  1  2 0.74
HOH2016
 64  1  2 0.69
HOH2017
 65  1  2 0.69
HOH2018
 66  1  2 0.53
HOH2019
 67  1  2 0.97
HOH2020
 68  1  2 0.93
HOH2021
 69  1  2 1.00
HOH2022
 70  1  2 0.93
HOH2023
 71  1  2 0.73
HOH2024
 72  1  2 1.00
HOH2025
 73  1  2 0.86
HOH2026
 74  1  2 0.88
HOH2027
 75  1  2 0.79
HOH2028
 76  1  2 0.79
HOH2029
 77  1  2 0.87
HOH2030
 78  1  2 1.00
HOH2031
 79  1  2 0.80
HOH2032
 80  1  2 0.99
HOH2033
 81  1  2 0.76
HOH2034
 82  1  2 0.62
HOH2035
 83  1  2 0.77
HOH2036
 84  1  2 0.63
HOH2037
 85  1  2 0.61
HOH2038
 86  1  2 0.87
HOH2039
 87  1  2 0.87
HOH2040
 88  1  2 0.46
HOH2041
 89  1  2 0.55
HOH2042
 90  1  2 0.55
HOH2043
 91  1  2 0.54
HOH2044
 92  1  2 0.55
HOH2045
 93  1  2 0.91
HOH2046
 94  1  2 0.99
HOH2047
 95  1  2 0.84
HOH2048
 96  1  2 0.43
HOH2049
 97  1  2 0.80
HOH2050
 98  1  2 0.77
HOH2051
 99  1  2 0.43
HOH2052
100  1  2 0.83
HOH2053
101  1  2 0.83
HOH2054
102  1  2 0.63
HOH2055
103  1  2 0.94
HOH2056
104  1  2 0.43
HOH2057
105  1  2 0.72
HOH2058
106  1  2 0.57
HOH2059
107  1  2 0.68
HOH2060
108  1  2 0.57
HOH2061
109  1  2 0.71
HOH2062
110  1  2 0.73
HOH2063
111  1  2 0.99
HOH2064
112  1  2 1.00
HOH2065
113  1  2 1.00
HOH2066
114  1  2 0.76
HOH2067
115  1  2 0.69
HOH2068
116  1  2 0.99
HOH2069
117  1  2 0.80
HOH2070
118  1  2 0.60
HOH2071
119  1  2 0.88
HOH2072
120  1  2 1.00
HOH2073
121  1  2 0.82
HOH2074
122  1  2 1.00
HOH2075
123  1  2 0.91
HOH2076
124  1  2 0.68
HOH2077
125  1  2 0.73
HOH2078
126  1  2 0.88
HOH2079
127  1  2 0.81
HOH2080
128  1  2 1.00
HOH2081
129  1  2 1.00
HOH2082
130  1  2 0.94
HOH2083
131  1  2 1.00
HOH2084
132  1  2 0.51
HOH2085
133  1  2 0.84
HOH2086
134  1  2 1.00
HOH2087
135  1  2 0.78
HOH2088
136  1  2 0.96
HOH2089
137  1  2 0.94
HOH2090
138  1  2 0.93
HOH2091
139  1  2 0.88
HOH2092
140  1  2 0.85
HOH2093
141  1  2 0.79
HOH2094
142  1  2 0.87
HOH2095
143  1  2 0.37
HOH2096
144  1  2 0.86
HOH2097
145  1  2 0.94
HOH2098
146  1  2 0.85
HOH2099
147  1  2 0.96
HOH2100
148  1  2 0.88
HOH2101
149  1  2 0.33
HOH2102
150  1  2 0.75
HOH2103
151  1  2 0.77
HOH2104
152  1  2 1.00
HOH2105
153  1  2 0.98
HOH2106
154  1  2 0.76
HOH2107
155  1  2 0.93
HOH2108
156  1  2 0.64
HOH2109
157  1  2 0.64
HOH2110
158  1  2 0.71
HOH2111
159  1  2 0.75
HOH2112
160  1  2 1.00
HOH2113
161  1  2 0.90
HOH2114
162  1  2 0.84
HOH2115
163  1  2 0.81
HOH2116
164  1  2 0.70
HOH2117
165  1  2 0.96
HOH2118
166  1  2 0.90
HOH2119
167  1  2 0.79
HOH2120
168  1  2 0.85
HOH2121
169  1  2 0.93
HOH2122
170  1  2 0.83
HOH2123
171  1  2 0.94
HOH2124
172  1  2 0.84
HOH2125
173  1  2 0.79
HOH2126
174  1  2 0.47
HOH2127
175  1  2 0.42
HOH2128
176  1  2 1.00
HOH2129
177  1  2 0.47
HOH2130
178  1  2 0.39
HOH2131
179  1  2 0.43
HOH2132
180  1  2 0.44
HOH2133
181  1  2 0.80
HOH2134
182  1  2 0.49
HOH2135
183  1  2 0.61
HOH2136
184  1  2 0.49
HOH2137
185  1  2 0.81
HOH2138
186  1  2 0.98
HOH2139
187  1  2 0.53
HOH2140
188  1  2 0.84
HOH2141
189  1  2 0.80
HOH2142
190  1  2 0.80
HOH2143
191  1  2 0.77
HOH2144
192  1  2 0.74
HOH2145
193  1  2 0.82
HOH2146
194  1  2 0.57
HOH2147
195  1  2 0.44
HOH2148
196  1  2 0.88
HOH2149
197  1  2 0.64
HOH2150
198  1  2 1.00
HOH2151
199  1  2 0.78
HOH2152
200  1  2 0.87
HOH2153
201  1  2 0.89
HOH2154
202  1  2 0.53
HOH2155
203  1  2 0.40
HOH2156
204  1  2 0.94
HOH2157
205  1  2 1.00
HOH2158
206  1  2 0.67
HOH2159
207  1  2 0.73
HOH2160
208  1  2 0.68
HOH2161
209  1  2 0.73
HOH2162
210  1  2 1.00
HOH2163
211  1  2 0.99
HOH2164
212  1  2 0.26
HOH2165
213  1  2 0.89
HOH2166
214  1  2 0.93
HOH2167
215  1  2 0.92
HOH2168
216  1  2 1.00
HOH2169
217  1  2 0.83
HOH2170 
